07    10
09    10
01    05
02    03
09    10
01    02
01    05
08    09
09    10
02    06
01    02
01    11
08    09
04    05
02    03
08    09
06    08
05    09
08    09
06    10
02    10
08    09
06    11
01    09
01    02
01    04
02    03
01    02
04    07
05    08
09    10
01    04
06    11
01    05
03    04
06    07
03    04
02    04
04    05
03    05
03    09
05    07
02    06
03    04
01    11
05    09
01    06
08    11
08    09
02    07
02    03
03    10
02    03
03    08
03    11
03    11
04    05
01    02
06    09
09    10
05    07
07    08
01    06
05    11
05    08
02    03
02    08
02    07
02    06
02    05
05    08
08    10
07    09
01    04
08    10
02    08
02    04
03    06
09    11
02    10
03    11
04    05
05    09
08    11
03    07
04    09
01    07
03    07
02    11
03    06
07    08
05    07
03    05
04    06
02    08
08    10
09    10
01    04
05    08
06    07
09    11
03    08
03    08
08    09
01    05
03    09
06    08
01    04
05    10
03    07
03    09
04    10
02    08
01    08
03    08
03    08
07    08
01    05
08    10
05    09
05    07
05    09
01    07
03    04
04    09
02    04
05    06
08    11
06    07
04    09
03    05
02    08
04    09
02    05
01    03
05    11
07    08
04    08
05    06
01    03
01    03
03    09
02    05
02    05
03    04
01    02
04    07
06    08
03    04
05    08
02    09
02    06
02    09
03    06
02    05
06    08
03    06
01    06
08    09
05    07
01    10
06    07
01    04
06    09
02    04
06    08
04    07
04    06
04    06
02    04
03    07
03    09
02    08
02    05
03    08
03    07
04    11
01    06
01    06
01    07
02    03
07    08
02    07
02    11
02    06
07    11
02    07
07    09
02    04
07    08
03    05
05    07
03    06
03    05
05    09
01    09
06    07
03    08
03    07
04    07
01    06
01    02
06    09
02    10
03    05
04    08
06    08
03    05
01    05
05    06
02    07
05    08
08    11
05    11
05    08
01    11
01    11
01    02
10    11
04    05
04    07
08    09
01    07
02    04
10    11
01    03
03    04
01    04
08    09
03    04
05    10
04    06
02    05
08    09
01    05
01    04
04    07
02    03
06    07
01    11
03    05
03    07
01    08
05    06
05    06
02    07
04    08
01    03
05    08
04    07
02    06
01    09
07    09
01    11
01    07
05    08
05    07
03    09
05    07
04    05
04    09
01    02
03    06
04    06
03    09
05    07
03    09
07    09
06    08
05    09
03    05
08    11
07    08
06    08
01    03
04    07
02    06
03    06
05    10
05    07
02    05
08    09
04    08
01    09
03    09
02    06
04    07
01    10
02    06
02    08
08    09
02    04
08    09
01    02
01    06
02    06
02    09
06    09
03    09
02    06
06    09
02    06
01    06
04    08
03    05
08    09
08    11
01    07
02    03
03    10
07    09
07    11
02    03
10    11
04    08
01    08
07    11
02    08
01    02
05    08
05    06
05    09
03    05
06    07
01    05
01    07
03    09
01    08
02    04
01    06
01    08
06    07
04    09
02    05
02    04
02    06
01    09
08    11
04    11
01    04
03    05
01    02
03    06
05    09
05    10
01    02
03    08
02    03
01    07
01    03
09    10
07    08
01    06
02    09
01    07
07    08
02    06
08    10
03    09
04    06
03    09
07    09
01    08
06    08
02    05
03    07
06    07
01    06
02    08
03    05
05    06
02    08
06    08
01    05
05    08
02    09
01    04
03    04
01    06
05    08
02    08
06    07
04    06
05    07
01    06
01    05
03    09
01    05
01    06
02    05
08    09
06    07
03    05
03    06
02    09
01    02
02    04
05    09
03    05
04    05
01    02
02    06
03    11
04    08
01    06
02    03
05    07
07    09
01    07
03    04
03    04
09    10
03    07
02    03
05    08
03    05
03    10
02    09
03    08
04    07
01    06
04    10
08    09
07    11
05    09
03    10
05    08
02    11
01    05
03    04
03    09
04    06
04    07
05    07
02    04
01    07
05    10
02    07
05    10
03    11
02    08
03    08
04    07
01    04
03    08
05    09
02    03
07    08
03    07
06    07
03    09
07    11
01    03
07    08
01    07
04    08
01    04
02    06
08    11
06    10
03    04
04    05
06    07
01    05
04    09
01    11
01    08
02    03
01    02
02    09
02    07
01    10
04    05
07    09
03    10
05    07
09    11
01    09
03    04
08    10
01    06
02    06
01    05
03    07
05    11
01    07
07    09
09    10
02    09
03    04
02    09
02    04
07    08
04    05
05    06
03    07
03    06
05    07
05    08
04    05
06    09
02    07
03    08
09    10
02    08
06    07
04    06
02    03
04    09
01    05
02    09
01    06
04    09
05    08
02    07
04    07
07    09
03    07
03    04
01    08
07    09
07    08
04    05
04    06
01    09
07    09
04    09
02    08
01    06
06    07
03    09
02    03
02    06
06    07
03    09
03    07
03    07
07    08
01    11
02    08
03    05
06    09
01    08
03    07
01    06
06    09
04    09
07    08
04    05
01    08
06    09
02    05
06    09
07    09
01    08
05    06
05    08
04    09
02    05
01    03
03    05
04    09
02    04
01    09
08    09
01    03
01    05
03    07
06    08
01    03
02    06
05    09
08    09
05    06
05    08
04    09
02    06
03    04
04    08
08    09
05    08
02    07
04    09
05    06
01    02
02    06
01    07
03    05
02    06
01    09
05    06
03    04
03    09
03    07
01    05
05    09
05    07
01    06
02    07
01    07
02    05
02    06
