2  16  24  36  38   /  10  11  
3  11  15  30  36   /  3  9  
2  17  27  46  47   /  2  8  
14  19  35  43  44   /  7  8  
4  10  29  37  49   /  7  8  
10  11  30  38  44   /  2  8  
12  20  23  42  44   /  1  5  
17  20  21  38  50   /  5  10  
16  30  39  44  45   /  3  7  
2  12  15  19  44   /  2  7  
6  10  13  23  33   /  4  9  
8  25  28  41  50   /  2  9  
4  15  26  37  39   /  3  6  
3  4  13  16  45   /  1  5  
13  21  29  34  49   /  3  9  
3  4  15  31  50   /  1  9  
9  12  14  16  46   /  5  7  
16  36  38  42  45   /  1  7  
10  23  28  40  47   /  4  5  
19  23  29  32  44   /  3  7  
20  21  27  46  49   /  7  8  
5  7  29  34  50   /  1  8  
13  22  34  41  42   /  3  4  
4  8  18  24  47   /  4  8  
5  13  18  48  50   /  2  5  
17  29  30  34  46   /  3  7  
3  11  35  47  50   /  2  7  
24  36  40  41  48   /  2  6  
7  17  32  40  50   /  2  6  
8  31  38  40  42   /  1  5  
15  18  26  30  43   /  6  7  
19  34  37  45  47   /  6  8  
4  5  16  19  23   /  1  6  
4  9  24  38  50   /  1  6  
6  9  13  21  41   /  4  5  
14  30  36  45  47   /  7  8  
17  24  34  35  40   /  4  5  
16  21  26  28  35   /  5  6  
5  16  25  30  37   /  7  9  
1  2  33  42  48   /  4  11  
4  5  6  18  45   /  2  7  
16  21  36  43  48   /  1  7  
4  15  16  17  48   /  2  7  
2  4  24  35  46   /  4  6  
13  14  18  21  23   /  4  7  
4  5  10  36  41   /  5  7  
4  22  32  36  39   /  5  8  
6  10  13  16  50   /  5  7  
4  12  14  24  28   /  3  9  
5  16  22  24  25   /  7  8  
1  7  12  26  31   /  7  8  
13  22  34  37  48   /  7  8  
20  22  30  31  33   /  3  8  
23  24  31  33  49   /  3  9  
2  5  12  31  49   /  8  10  
1  8  19  28  29   /  1  8  
15  21  23  38  42   /  7  9  
19  25  27  44  50   /  1  7  
1  10  18  30  37   /  1  6  
24  28  29  35  37   /  2  7  
14  19  36  43  45   /  2  6  
5  13  14  44  46   /  1  8  
1  16  29  40  48   /  4  7  
18  25  27  36  37   /  3  9  
9  26  33  34  36   /  6  7  
6  15  32  43  50   /  9  10  
15  27  28  36  46   /  1  2  
10  12  14  46  49   /  5  7  
9  20  29  38  43   /  5  10  
4  10  16  26  38   /  5  10  
20  22  27  41  42   /  2  5  
12  23  33  37  39   /  1  8  
6  15  25  45  47   /  3  5  
12  18  23  38  42   /  7  10  
9  17  18  36  50   /  5  11  
24  27  29  35  38   /  3  7  
7  9  19  34  50   /  4  5  
7  17  23  47  50   /  2  9  
16  22  27  33  35   /  4  5  
25  39  43  44  48   /  6  9  
10  11  22  43  48   /  1  9  
10  23  28  39  40   /  1  8  
2  23  37  42  48   /  2  9  
21  29  31  33  50   /  5  6  
2  7  8  17  23   /  6  7  
7  16  25  37  38   /  7  9  
7  14  22  36  50   /  2  10  
8  15  16  40  41   /  3  9  
2  4  8  20  28   /  3  6  
7  9  13  20  35   /  4  5  
19  23  39  47  49   /  3  6  
1  11  22  26  40   /  5  10  
3  7  10  28  29   /  2  6  
17  30  40  46  49   /  6  8  
1  19  25  35  47   /  3  7  
5  11  15  39  44   /  1  2  
13  15  22  23  25   /  1  10  
21  24  25  28  42   /  2  6  
6  17  18  32  45   /  2  3  
5  30  37  40  49   /  1  3  

***************************************************
6  15  32  43  50   /  9  10  
***************************************************