12    13    23    40    49 
17    19    38    42    45 
11    28    29    47    49 
20    27    34    46    50 
11    17    21    48    50 
10    11    30    36    45 
24    34    35    42    46 
08    11    23    31    46 
09    28    30    32    49 
11    16    21    24    29 
05    21    28    31    34 
17    24    33    41    44 
04    29    35    36    39 
14    21    22    28    47 
15    16    30    44    50 
04    23    24    29    31 
09    30    35    39    46 
13    30    43    44    46 
35    42    47    48    50 
10    25    41    47    48 
14    15    21    23    48 
13    34    37    47    49 
05    16    20    30    41 
07    20    25    35    41 
09    11    17    36    47 
09    15    21    40    49 
14    21    27    30    36 
14    29    31    33    37 
12    26    37    38    44 
18    26    34    38    42 
02    04    14    26    36 
17    28    30    38    44 
04    26    30    42    44 
05    07    09    25    41 
03    06    10    11    44 
01    13    20    26    50 
17    20    35    49    50 
06    16    30    38    41 
22    30    34    35    44 
05    19    31    38    47 
11    13    24    44    49 
03    10    15    28    45 
12    15    33    44    50 
34    35    38    39    46 
04    16    18    25    44 
02    08    10    19    46 
01    04    06    27    48 
14    16    23    38    45 
12    27    32    34    49 
07    14    26    45    50 
01    17    31    43    47 
03    05    22    40    42 
23    24    25    31    44 
11    16    21    22    44 
08    13    26    34    38 
08    15    17    25    28 
03    19    26    49    50 
04    05    13    27    35 
20    23    26    30    33 
10    19    23    45    49 
12    22    25    33    45 
03    04    08    44    50 
08    12    19    33    34 
05    06    09    27    38 
02    20    25    37    39 
07    17    22    27    40 
12    22    35    46    49 
17    19    24    37    46 
09    33    35    38    40 
14    18    20    35    44 
04    14    21    24    41 
05    12    19    41    48 
03    06    15    21    32 
03    14    41    48    49 
02    07    24    43    46 
14    16    30    36    46 
04    06    14    42    50 
10    19    34    45    47 
05    11    22    34    40 
01    28    35    38    50 
10    11    29    40    43 
02    06    09    14    26 
07    08    19    28    29 
03    19    20    37    48 
06    12    21    27    33 
08    18    25    35    46 
16    31    32    37    41 
01    04    18    23    30 
06    14    16    28    31 
01    11    12    23    42 
02    06    09    19    45 
07    27    29    39    50 
02    25    32    38    41 
01    05    18    38    45 
06    18    20    29    31 
16    29    37    40    44 
06    20    24    25    50 
08    16    19    43    45 
11    25    27    28    41 
03    20    31    45    50 
13    29    43    47    50 
14    30    32    35    49 
06    22    24    25    36 
12    15    28    30    44 
04    07    21    44    47 
12    13    19    21    38 
01    04    09    43    50 
07    15    22    28    48 
03    30    42    45    49 
02    08    17    32    50 
05    08    24    30    49 
06    25    36    38    40 
35    36    42    46    49 
01    03    16    24    37 
07    12    16    17    39 
01    13    17    18    45 
05    11    22    35    38 
01    04    15    29    40 
03    07    12    26    34 
03    06    07    27    50 
05    20    26    44    50 
11    19    34    43    45 
15    31    36    37    42 
06    09    13    14    35 
17    28    33    35    47 
03    15    17    28    33 
13    17    19    25    35 
03    20    23    28    42 
08    12    19    31    50 
02    04    22    28    42 
08    13    26    39    43 
10    32    40    41    49 
06    09    15    25    38 
10    16    18    31    42 
07    11    25    31    50 
07    08    24    27    36 
16    36    43    44    50 
14    16    23    40    46 
11    17    18    26    31 
31    32    38    40    42 
09    21    30    39    50 
12    18    19    43    49 
04    39    40    49    50 
02    11    13    26    50 
04    05    23    25    28 
06    15    16    40    43 
07    10    20    27    37 
02    10    22    27    28 
12    23    30    31    47 
01    03    06    18    24 
11    14    41    43    50 
08    16    18    37    43 
20    41    43    44    46 
03    04    14    43    50 
02    05    10    23    31 
10    28    40    47    48 
09    13    15    31    48 
29    30    36    37    48 
04    05    14    44    46 
09    28    36    41    49 
16    19    20    25    28 
02    03    15    18    32 
11    22    36    45    48 
05    09    37    44    45 
09    14    16    37    46 
03    07    08    43    46 
03    04    12    23    50 
13    15    30    35    42 
12    15    35    42    43 
03    10    18    31    37 
05    06    12    19    37 
12    13    42    45    48 
06    07    17    35    43 
11    19    26    35    40 
03    20    29    35    42 
25    26    41    44    47 
01    32    35    45    48 
06    16    20    42    46 
20    27    30    36    43 
05    32    44    45    50 
09    11    20    38    43 
38    39    45    46    49 
10    20    22    24    31 
01    13    17    38    44 
23    40    42    43    49 
11    14    24    25    29 
08    19    31    33    39 
05    11    16    25    28 
05    10    28    29    44 
06    08    14    15    45 
08    11    36    37    45 
06    25    30    45    50 
02    07    22    27    40 
04    07    16    31    42 
22    25    27    36    37 
09    21    30    43    44 
08    09    40    42    45 
10    29    30    45    49 
19    21    25    26    44 
04    05    15    16    45 
09    29    35    40    41 
12    37    39    40    50 
04    29    33    37    38 
18    23    37    46    48 
18    27    28    35    40 
08    24    36    49    50 
01    04    24    34    36 
15    16    36    41    42 
11    18    35    38    42 
12    22    30    31    44 
01    06    10    12    31 
14    19    26    28    34 
07    23    24    34    36 
01    09    10    22    50 
06    07    13    28    47 
14    20    23    45    46 
07    12    18    33    37 
03    16    18    19    40 
04    11    28    38    47 
01    11    29    36    42 
04    22    29    37    41 
01    10    25    43    47 
04    08    10    18    21 
09    34    38    43    45 
09    11    14    34    44 
05    13    17    40    43 
10    18    23    24    40 
01    10    44    45    48 
02    08    10    23    25 
04    05    17    38    48 
11    17    18    39    44 
13    27    28    42    43 
11    16    24    38    40 
04    05    19    39    41 
06    17    35    41    45 
07    25    27    48    49 
07    11    29    46    50 
11    20    30    35    45 
07    11    18    29    42 
14    17    28    29    39 
08    09    24    43    48 
09    23    35    37    42 
10    30    33    37    41 
06    18    22    23    37 
17    19    29    36    45 
10    28    30    38    39 
01    21    33    45    49 
18    19    25    30    44 
03    21    34    38    48 
11    26    29    49    50 
04    06    21    39    41 
02    20    24    32    46 
12    15    32    36    45 
07    21    22    24    28 
01    02    26    44    50 
04    29    34    35    46 
09    17    30    39    43 
09    11    17    26    40 
09    22    24    27    36 
21    23    33    40    50 
11    16    20    22    28 
09    12    13    14    48 
02    05    30    37    47 
06    14    16    34    50 
06    09    20    38    39 
06    23    39    43    48 
01    16    26    30    36 
06    10    16    26    49 
13    14    21    27    39 
02    03    15    45    49 
12    23    29    32    47 
10    14    20    25    42 
02    03    10    33    46 
21    29    34    46    47 
11    24    29    31    41 
11    13    25    32    50 
06    14    33    34    48 
05    09    20    21    26 
12    19    27    37    38 
07    09    18    35    43 
27    28    31    46    47 
09    17    25    28    49 
16    17    20    39    50 
13    16    37    44    50 
09    24    37    39    49 
01    18    29    34    37 
01    09    20    23    30 
13    14    18    32    34 
26    36    37    38    42 
03    04    11    28    39 
07    27    30    40    43 
08    11    16    25    41 
01    08    18    28    31 
12    21    29    44    47 
04    15    22    31    41 
01    03    21    32    39 
12    17    31    32    40 
07    15    16    17    45 
05    10    15    28    45 
10    13    19    39    44 
03    32    36    39    47 
05    06    11    30    44 
11    13    18    37    47 
13    21    25    35    48 
17    24    26    27    49 
04    27    32    46    50 
09    15    23    31    50 
06    07    32    37    47 
09    16    18    19    21 
04    26    27    30    39 
03    10    23    27    44 
16    28    31    33    48 
03    05    34    40    49 
03    06    29    32    41 
02    26    37    45    48 
01    22    25    40    50 
04    19    34    41    43 
19    25    28    33    44 
03    26    39    40    41 
02    19    33    37    46 
12    20    21    45    48 
03    16    25    26    35 
10    12    24    25    41 
07    09    28    37    44 
15    16    21    36    38 
02    04    32    43    48 
02    10    22    29    48 
07    20    38    40    43 
04    23    24    26    38 
31    33    34    37    40 
01    17    32    35    37 
06    25    31    40    45 
04    14    31    45    49 
02    15    18    20    22 
16    18    24    38    40 
03    12    13    17    30 
19    32    35    37    44 
14    27    36    42    46 
01    04    07    10    50 
08    12    23    40    43 
03    05    08    10    44 
07    18    27    36    44 
15    23    29    41    48 
02    20    22    26    47 
28    30    42    45    49 
16    17    18    36    47 
05    07    14    21    40 
01    03    16    42    48 
06    10    23    44    49 
08    12    28    33    45 
01    08    18    25    30 
01    04    21    29    41 
14    23    27    30    36 
15    19    22    46    49 
21    26    27    44    48 
01    08    11    30    40 
16    26    34    35    49 
01    11    20    22    35 
01    09    23    25    40 
03    12    15    34    39 
04    11    12    13    32 
15    23    30    37    40 
01    10    12    32    33 
02    04    09    38    50 
03    18    25    34    41 
01    14    15    26    32 
05    06    16    23    27 
01    06    27    39    47 
01    04    10    19    23 
14    36    44    47    50 
05    15    24    35    44 
19    36    38    42    46 
07    12    21    26    44 
03    08    11    17    50 
15    18    29    39    41 
04    12    24    27    36 
12    24    26    36    42 
13    15    25    26    32 
09    10    19    37    50 
03    16    34    38    48 
32    33    36    40    49 
25    33    36    38    42 
12    16    23    31    35 
28    29    40    46    50 
05    15    28    31    44 
04    07    33    37    39 
06    17    18    21    34 
22    23    24    29    44 
07    19    23    29    47 
05    25    33    36    38 
05    08    13    15    33 
01    26    33    36    46 
04    05    14    17    34 
03    17    22    49    50 
05    09    28    43    47 
22    33    36    40    42 
03    04    10    23    43 
08    18    19    20    42 
06    10    21    45    49 
12    18    24    26    45 
15    25    38    40    41 
21    23    38    47    50 
01    05    22    25    48 
04    17    21    22    33 
04    13    14    33    43 
12    31    37    38    43 
08    36    37    41    49 
04    22    27    36    44 
02    24    34    38    43 
07    21    23    24    44 
06    26    33    34    39 
01    04    12    16    48 
02    31    36    38    43 
20    21    37    45    46 
02    04    10    22    50 
04    05    09    11    39 
02    08    17    39    42 
16    23    24    26    29 
05    08    14    24    33 
07    19    30    38    50 
05    21    34    37    38 
12    22    27    28    39 
16    20    22    32    42 
09    19    25    36    38 
14    15    25    35    47 
04    14    21    24    39 
04    08    21    35    45 
15    16    28    36    37 
13    23    24    41    42 
08    10    14    21    26 
19    20    21    34    38 
01    11    22    33    50 
01    08    42    46    48 
04    16    17    20    29 
04    12    24    39    44 
01    15    28    35    47 
27    28    29    34    43 
11    25    41    45    50 
15    35    38    44    48 
06    17    22    45    47 
06    11    21    30    39 
07    10    27    31    34 
08    19    28    32    46 
12    17    25    29    41 
09    14    21    49    50 
13    36    40    43    50 
01    10    17    33    48 
12    14    15    19    23 
04    09    31    32    33 
02    14    24    39    44 
04    13    35    37    46 
03    08    14    31    41 
17    27    29    38    50 
24    27    29    34    36 
01    09    12    14    48 
13    24    26    47    49 
02    29    31    32    38 
23    24    27    37    47 
01    02    06    20    36 
04    17    23    36    46 
15    16    28    30    46 
13    25    28    29    42 
01    22    32    48    50 
17    21    35    41    45 
04    17    34    40    42 
22    38    40    42    47 
12    13    36    41    46 
03    23    27    47    50 
02    22    24    36    44 
04    09    10    30    40 
01    03    13    16    43 
10    28    33    48    49 
03    11    13    18    21 
12    24    32    37    39 
14    18    20    23    32 
07    21    26    43    45 
04    05    15    19    41 
01    04    16    40    48 
01    09    12    17    18 
04    10    22    27    41 
05    27    31    40    42 
07    12    26    29    49 
01    09    11    20    40 
14    18    19    43    49 
07    17    20    35    50 
06    19    25    42    49 
06    07    38    39    44 
08    15    26    30    48 
10    15    19    23    41 
09    11    13    19    37 
07    19    21    40    50 
06    15    22    37    44 
04    16    21    36    42 
01    18    25    26    44 
10    14    16    29    44 
19    23    33    37    50 
05    09    17    29    39 
07    19    22    27    48 
14    21    22    37    43 
14    18    19    31    37 
14    16    19    20    31 
07    11    15    24    29 
04    19    26    27    30 
01    16    38    42    45 
05    07    14    20    49 
08    12    14    15    34 
02    10    18    22    36 
04    13    19    23    38 
33    36    37    42    45 
03    10    12    42    50 
12    37    40    47    49 
02    07    14    17    35 
22    30    45    47    49 
24    26    31    38    50 
01    11    17    32    39 
12    27    29    45    46 
20    21    22    31    45 
10    22    27    38    48 
08    25    30    36    44 
09    18    23    33    37 
12    19    20    30    38 
07    18    34    35    40 
12    13    29    44    50 
02    11    21    22    30 
01    20    22    37    46 
05    09    11    29    33 
02    24    31    48    50 
01    07    17    31    36 
07    08    27    41    48 
03    08    12    29    43 
04    08    14    16    50 
17    18    25    34    48 
26    34    37    39    49 
05    06    38    48    50 
06    28    31    38    42 
07    20    25    38    41 
01    11    18    19    47 
02    03    13    38    42 
02    07    08    36    49 
01    15    17    25    45 
02    03    33    34    42 
02    03    25    43    48 
09    17    19    41    46 
23    26    32    41    45 
10    11    19    20    23 
06    22    37    41    42 
01    26    31    34    47 
25    26    29    49    50 
15    24    28    44    47 
03    09    35    39    42 
03    07    25    45    50 
04    08    16    37    41 
08    19    20    39    50 
16    29    32    36    41 
01    14    19    29    33 
11    16    17    22    34 
03    05    25    34    49 
10    21    25    26    50 
07    13    39    47    50 
14    15    28    35    40 
08    11    14    19    25 
11    15    23    30    38 
05    13    27    33    42 
01    11    22    28    44 
02    05    12    19    44 
06    11    14    19    29 
05    20    23    34    50 
09    13    34    41    42 
06    09    10    27    35 
04    23    24    28    34 
02    23    28    40    43 
03    10    13    24    47 
07    08    24    25    47 
03    04    27    29    37 
10    12    14    24    26 
01    08    32    35    38 
01    10    12    16    48 
01    11    15    42    49 
03    27    30    43    44 
20    21    26    32    46 
20    27    41    43    50 
02    19    28    42    49 
15    29    37    39    49 
06    11    35    41    44 
03    21    30    34    35 
04    15    23    49    50 
02    07    08    10    47 
10    20    30    36    40 
09    16    26    36    39 
01    06    13    30    49 
05    14    22    25    36 
21    32    36    46    47 
02    13    21    26    44 
02    12    21    41    49 
05    08    17    25    40 
02    11    24    35    47 
05    10    17    22    33 
06    11    47    48    50 
04    09    15    21    47 
05    09    19    21    38 
11    20    27    35    44 
12    22    32    33    36 
